0 0 1 0 1 0 14 7
1 0 0 0 0 1 14 0
1 0 0 0 0 1 13 1
1 0 0 0 0 1 12 0
0 0 0 0 2 0 9 2

0 0 1 0 1 0 13 7
1 0 0 0 0 1 15 3
1 0 0 0 0 1 14 2
1 0 0 0 0 1 13 1
0 0 0 0 2 0 9 3

0 0 1 0 1 0 13 7
1 0 0 0 0 1 13 1
1 0 0 0 0 1 12 1
1 0 0 0 0 1 10 0
0 0 0 0 2 0 8 2

0 0 1 0 1 0 13 7
1 0 0 0 0 1 15 3
1 0 0 0 0 1 12 0
1 0 0 0 0 1 13 0
0 0 0 0 2 0 8 2

0 0 1 0 1 0 13 7
1 0 0 0 0 1 15 3
1 0 0 0 0 1 15 2
1 0 0 0 0 1 13 1
0 0 0 0 2 0 9 3

0 0 1 0 1 0 12 7
1 0 0 0 0 1 15 3
1 0 0 0 0 1 14 1
1 0 0 0 0 1 11 1
0 0 0 0 2 0 10 3

0 0 1 0 1 0 15 7
1 0 0 0 0 1 13 4
1 0 0 0 0 1 15 2
1 0 0 0 0 1 11 1
0 0 0 0 2 0 11 4

0 0 1 0 1 0 14 7
1 0 0 0 0 1 12 3
1 1 0 0 0 0 13 0
1 0 0 0 0 1 11 1
0 0 0 0 2 0 9 3

0 0 1 0 1 0 13 5
1 0 0 0 0 1 14 3
1 0 0 0 0 1 12 1
1 0 0 0 0 1 10 0
0 0 0 0 2 0 9 2

0 0 1 0 1 0 13 6
1 0 0 0 0 1 14 2
1 0 0 0 0 1 13 2
1 0 0 0 0 1 12 0
0 0 0 0 2 0 10 3

0 0 1 0 1 0 13 6
0 0 1 0 0 1 14 5
1 0 0 0 0 1 13 1
1 0 0 0 0 1 13 0
0 0 0 0 2 0 10 3

0 0 1 0 1 0 12 5
1 0 0 0 0 1 14 3
1 0 0 0 0 1 14 2
1 0 0 0 0 1 12 0
0 0 0 0 2 0 9 3

0 0 1 0 1 0 14 6
1 0 0 0 0 1 14 1
1 0 0 0 0 1 14 2
1 0 0 0 0 1 12 0
0 0 0 0 2 0 9 2

0 0 1 0 1 0 14 7
1 0 0 0 0 1 14 2
1 0 0 0 0 1 15 2
1 0 0 0 0 1 13 1
0 0 0 0 2 0 10 3

0 0 1 0 1 0 14 5
1 0 0 0 0 1 12 2
1 0 0 0 0 1 13 2
1 0 0 0 0 1 12 0
0 0 0 0 2 0 9 3

0 0 1 0 1 0 12 6
1 0 1 0 0 0 15 3
1 0 0 0 0 1 15 1
1 0 0 0 0 1 13 1
0 0 0 0 2 0 10 3

0 0 1 0 1 0 12 6
1 0 0 0 0 1 13 2
2 0 0 0 0 0 12 1
1 0 0 0 0 1 10 0
0 0 0 0 2 0 9 2

0 0 1 0 1 0 13 7
1 0 0 0 0 1 14 1
1 0 0 0 0 1 13 1
1 0 0 0 0 1 12 1
0 0 0 0 2 0 9 2

0 0 1 0 1 0 12 5
1 0 0 0 0 1 15 2
1 0 0 0 0 1 12 3
1 0 0 0 0 1 13 0
0 0 0 0 2 0 10 3

1 0 1 0 0 0 14 6
1 0 0 0 0 1 13 4
1 0 0 0 0 1 12 1
1 0 0 0 0 1 9 0
0 0 0 0 2 0 10 3

0 0 1 0 1 0 12 7
1 1 0 0 0 0 13 3
1 0 0 0 0 1 13 2
1 0 0 0 0 1 11 0
0 0 0 0 2 0 10 3

0 0 1 0 1 0 13 6
1 0 0 0 0 1 14 2
1 0 0 0 0 1 13 2
1 0 0 0 0 1 12 0
0 0 0 0 2 0 10 3

0 0 1 0 1 0 12 6
1 0 0 0 0 1 13 2
1 0 0 0 0 1 13 0
1 0 0 0 0 1 10 0
0 0 0 0 2 0 9 2

0 0 1 0 1 0 12 5
1 0 0 0 0 1 14 3
1 0 0 0 0 1 14 1
1 0 0 0 0 1 12 1
0 0 0 0 2 0 9 3

0 0 1 0 1 0 14 5
1 0 0 0 0 1 14 1
1 0 0 0 0 1 12 0
1 0 0 0 0 1 11 0
0 0 0 0 2 0 9 1

0 0 1 0 1 0 13 6
1 0 0 0 0 1 14 2
1 0 0 0 0 1 15 3
1 0 0 0 0 1 12 0
0 0 0 0 2 0 10 2

0 0 1 0 1 0 15 6
1 0 0 0 0 1 14 1
1 0 0 0 0 1 14 2
1 0 0 0 0 1 12 0
0 0 0 0 2 0 11 3

0 0 1 0 1 0 15 6
1 0 0 0 0 1 13 2
1 0 0 0 0 1 14 2
1 0 0 0 0 1 12 0
0 0 0 0 2 0 12 4

0 0 1 0 1 0 15 4
1 0 0 0 0 1 13 0
0 0 0 0 0 2 12 0
0 2 0 0 0 0 11 0
0 0 0 0 2 0 9 2

0 0 1 0 1 0 12 5
1 0 0 0 0 1 15 3
1 0 0 0 0 1 14 3
1 0 0 0 0 1 13 0
0 0 0 0 2 0 9 2

0 0 1 0 1 0 13 7
1 0 0 0 0 1 15 3
1 0 0 0 0 1 14 2
1 0 0 0 0 1 13 1
0 0 0 0 2 0 10 3

0 0 1 0 1 0 13 5
1 0 0 0 0 1 13 2
1 0 0 0 0 1 12 2
1 0 0 0 0 1 11 1
0 0 0 0 1 1 10 4

0 0 1 0 1 0 14 6
1 0 0 0 0 1 14 2
1 0 0 0 0 1 14 3
1 0 0 0 0 1 12 0
0 0 0 0 2 0 10 3

0 0 1 0 1 0 13 5
1 0 0 0 0 1 14 6
1 0 0 0 0 1 15 2
1 0 0 0 0 1 13 2
0 0 1 0 1 0 10 1

0 0 1 0 1 0 14 7
1 0 0 0 0 1 12 3
1 0 0 0 0 1 13 0
2 0 0 0 0 0 11 1
0 0 0 0 2 0 9 3

0 0 1 0 1 0 12 4
1 0 0 0 0 1 15 3
1 0 0 0 0 1 14 2
1 0 0 0 0 1 13 0
0 0 0 0 2 0 8 2

0 0 1 0 1 0 12 5
1 0 0 0 0 1 14 3
1 0 0 0 0 1 14 2
1 0 0 0 0 1 11 0
0 0 0 0 2 0 9 3

0 0 1 0 1 0 14 5
1 0 0 0 0 1 12 2
1 0 0 0 0 1 13 2
1 0 0 0 0 1 12 0
0 0 0 0 2 0 9 3

0 0 1 0 1 0 14 6
1 0 1 0 0 0 14 2
1 0 0 0 0 1 13 1
1 0 1 0 0 0 12 0
0 0 0 0 2 0 10 2

0 0 1 0 1 0 14 7
1 0 0 0 0 1 12 3
1 1 0 0 0 0 13 0
1 0 0 0 0 1 11 1
0 0 0 0 2 0 9 3

0 0 1 0 1 0 13 5
1 0 0 0 0 1 14 3
1 0 0 0 0 1 12 1
1 0 0 0 0 1 10 0
0 0 0 0 2 0 9 2

0 0 1 0 1 0 13 5
1 0 0 0 0 1 14 3
1 0 0 0 0 1 12 1
1 0 0 0 0 1 10 0
0 0 0 0 2 0 9 2

0 0 1 0 1 0 12 4
1 0 0 0 0 1 14 6
0 0 0 1 0 1 14 1
1 1 0 0 0 0 11 1
0 0 0 0 2 0 10 1

0 0 1 0 1 0 12 5
1 0 0 0 0 1 14 2
1 0 0 0 0 1 13 2
1 0 0 0 0 1 12 0
0 0 0 0 2 0 10 3

0 0 1 0 1 0 13 7
1 0 0 0 0 1 13 1
1 0 0 0 0 1 12 1
1 0 0 0 0 1 10 0
0 0 0 0 2 0 8 2

0 0 1 0 1 0 15 7
1 0 0 0 0 1 13 2
1 0 0 0 0 1 14 2
1 0 0 0 0 1 12 0
0 0 0 0 2 0 10 2

0 0 1 0 0 1 13 6
0 0 1 0 0 1 15 5
1 0 0 0 0 1 13 1
1 0 0 0 0 1 13 0
0 0 0 0 2 0 10 3

0 0 1 0 1 0 12 5
1 0 0 0 0 1 15 3
1 0 0 0 0 1 13 1
1 0 0 0 0 1 12 1
0 0 0 0 2 0 12 3

0 0 1 0 1 0 13 7
1 0 0 0 0 1 14 2
1 0 0 0 0 1 12 1
1 0 0 0 0 1 11 0
0 0 0 0 2 0 9 3

0 0 1 0 1 0 13 6
1 0 0 0 0 1 12 2
1 0 0 0 0 1 12 0
1 0 0 0 0 1 11 1
0 0 0 0 2 0 11 4

0 0 1 0 1 0 14 6
1 0 0 0 0 1 14 2
0 0 0 1 0 1 14 3
0 0 0 0 1 1 11 0
0 0 0 0 2 0 10 4

0 0 1 0 1 0 13 6
1 0 0 0 0 1 13 2
1 0 0 0 0 1 12 1
1 0 0 0 0 1 11 1
0 0 0 0 2 0 11 4

0 0 1 0 1 0 15 4
1 0 0 0 0 1 15 3
1 0 0 0 0 1 13 1
1 0 0 0 0 1 12 1
0 0 0 0 2 0 13 3

0 0 1 0 1 0 15 7
1 0 0 0 0 1 15 3
1 0 0 0 0 1 15 2
1 0 0 0 0 1 12 0
0 0 0 0 2 0 10 3

0 0 1 0 1 0 14 4
1 0 0 0 0 1 15 3
1 0 0 0 0 1 13 2
1 0 0 0 0 1 13 0
0 0 0 0 2 0 10 3

0 0 1 0 1 0 13 5
1 0 0 0 0 1 15 3
1 0 0 0 0 1 13 1
1 0 0 0 0 1 11 0
0 0 0 0 2 0 11 2

0 0 1 0 1 0 13 5
1 0 0 0 0 1 15 3
1 0 0 0 0 1 13 1
1 0 0 0 0 1 12 1
0 0 0 0 2 0 12 3

0 0 1 0 1 0 12 5
1 0 0 0 0 1 14 2
1 0 0 0 0 1 12 3
1 0 0 0 0 1 12 0
0 0 0 0 2 0 10 3

0 0 1 0 1 0 13 6
1 0 0 0 0 1 14 2
1 0 0 0 0 1 15 3
1 0 0 0 0 1 13 0
0 0 0 0 2 0 10 2

0 0 1 0 1 0 12 4
1 0 0 0 0 1 13 3
1 0 0 0 0 1 13 2
1 0 0 0 0 1 10 0
0 0 0 0 2 0 9 2

0 0 1 0 1 0 15 7
1 0 0 0 0 1 12 2
1 0 0 0 0 1 13 1
0 0 1 0 0 1 10 0
0 0 0 0 2 0 10 5

0 0 1 0 1 0 13 7
1 0 0 0 0 1 14 2
1 0 0 0 0 1 12 2
1 0 0 0 0 1 11 1
0 0 0 0 2 0 9 3

0 0 1 0 1 0 14 6
1 0 0 0 0 1 13 4
1 0 0 0 0 1 12 1
1 0 0 0 0 1 11 0
0 0 0 0 2 0 9 2

0 0 1 0 1 0 12 5
1 0 0 0 0 1 15 3
1 0 0 0 0 1 13 2
1 0 0 0 0 1 13 0
0 0 0 0 2 0 9 3

0 0 0 1 1 0 12 5
1 0 0 0 0 1 13 5
1 0 0 0 0 1 15 2
1 0 0 0 0 1 12 1
0 0 0 0 2 0 10 3

0 0 1 0 1 0 13 7
1 0 0 0 0 1 14 2
1 0 0 0 0 1 12 1
1 0 0 0 0 1 11 1
0 0 0 0 2 0 9 3

0 0 1 0 1 0 12 4
1 0 0 0 0 1 14 3
1 0 0 0 0 1 14 2
0 0 0 0 1 1 12 0
0 0 0 0 2 0 9 2

0 0 1 0 1 0 13 5
1 0 0 0 0 1 13 6
1 0 0 0 0 1 15 2
1 0 0 0 0 1 13 2
0 0 0 0 2 0 10 1

0 0 1 0 1 0 14 5
1 0 0 0 0 1 15 2
1 0 0 0 0 1 14 3
1 0 0 0 0 1 13 0
0 0 0 0 2 0 9 2

0 0 1 0 1 0 13 6
1 0 0 0 0 1 14 2
1 0 0 0 0 1 13 2
1 0 0 0 0 1 12 0
0 0 0 0 2 0 10 3

0 0 1 0 1 0 12 5
1 0 0 0 0 1 14 2
1 0 0 0 0 1 13 2
1 0 0 0 0 1 12 0
0 0 0 0 2 0 10 3

0 0 1 0 1 0 15 7
1 0 0 0 0 1 13 5
1 0 0 0 0 1 14 2
1 0 0 0 0 1 11 1
0 0 0 0 2 0 11 4

0 0 1 0 1 0 13 6
1 0 0 0 0 1 14 1
0 1 0 0 0 1 9 0
1 0 0 0 0 1 12 0
0 0 0 0 2 0 10 3

0 0 1 0 1 0 15 6
1 0 0 0 0 1 14 1
1 0 0 0 0 1 14 2
1 0 0 0 0 1 12 0
0 0 0 0 2 0 11 3

0 0 1 0 1 0 15 6
1 0 0 0 0 1 14 1
1 0 0 0 0 1 14 2
1 0 0 0 0 1 12 0
0 0 0 0 2 0 11 3

0 0 1 0 1 0 12 5
1 0 0 0 0 1 14 3
1 0 0 0 0 1 12 1
1 0 0 0 0 1 11 1
0 0 0 0 2 0 9 1

0 0 1 0 1 0 13 5
1 0 0 0 0 1 14 1
1 0 0 0 0 1 12 0
1 0 0 0 0 1 11 0
0 0 0 0 2 0 10 2

0 0 1 0 1 0 12 5
1 0 0 0 0 1 15 3
1 0 0 0 0 1 14 1
1 0 0 0 0 1 13 0
0 0 0 0 2 0 9 3

0 0 1 0 1 0 14 4
1 0 0 0 0 1 15 3
1 0 0 0 0 1 13 1
1 0 0 0 0 1 12 1
0 0 0 0 2 0 12 3

0 0 1 0 1 0 14 7
1 0 0 0 0 1 12 2
1 0 0 0 0 1 13 0
1 0 0 0 0 1 11 1
0 0 0 0 2 0 9 3

0 0 1 0 1 0 13 7
1 0 0 0 0 1 14 0
1 0 0 0 0 1 13 1
1 0 0 0 0 1 12 0
0 0 0 0 2 0 9 2

0 0 1 0 1 0 14 7
1 0 0 0 0 1 13 3
1 0 0 0 0 1 13 1
1 0 0 0 0 1 11 1
0 0 0 0 2 0 9 3

0 0 1 0 1 0 13 7
1 0 0 0 0 1 15 2
1 0 0 0 0 1 13 0
1 0 0 0 0 1 15 0
0 0 0 0 2 0 9 2

0 0 1 0 1 0 14 7
1 0 0 0 0 1 15 1
1 0 0 0 0 1 12 2
1 0 0 0 0 1 12 0
0 0 0 0 2 0 9 2

0 0 1 0 1 0 12 5
1 0 0 0 0 1 13 4
1 0 0 0 0 1 13 2
1 0 0 0 0 1 13 1
0 0 0 0 2 0 9 3

0 0 1 0 1 0 13 7
1 0 0 0 0 1 14 2
1 0 0 0 0 1 12 1
1 0 0 0 0 1 11 1
0 0 0 0 2 0 9 3

0 0 1 0 1 0 12 5
1 0 0 0 0 1 15 3
1 0 0 0 0 1 14 2
1 0 0 0 0 1 13 0
0 0 0 0 2 0 9 3

0 0 1 0 1 0 13 6
1 0 0 0 0 1 14 1
1 0 0 0 0 1 9 0
1 0 0 0 0 1 12 0
0 0 0 0 2 0 10 3

0 0 1 0 1 0 13 7
1 0 0 0 0 1 13 3
1 0 0 0 0 1 11 2
1 0 0 0 0 1 11 1
0 0 0 0 2 0 11 4

0 0 1 0 1 0 12 7
1 0 0 0 0 1 12 1
0 1 0 0 0 1 11 1
1 0 0 0 0 1 12 0
0 0 0 0 2 0 10 3

0 0 1 0 1 0 13 4
1 0 0 0 0 1 15 2
1 0 0 0 0 1 14 3
1 0 0 0 0 1 13 0
0 0 0 0 2 0 9 2

0 0 1 0 1 0 14 7
1 0 0 0 0 1 14 2
1 0 0 0 0 1 13 2
1 0 0 0 0 1 12 1
0 0 0 0 2 0 10 3

0 0 1 0 1 0 12 5
1 0 0 0 0 1 14 3
1 0 0 0 0 1 14 2
1 0 0 0 0 1 11 0
0 0 0 0 2 0 9 3

0 0 1 0 1 0 12 6
1 0 0 0 0 1 13 2
1 0 0 0 0 1 12 2
1 0 0 0 0 1 10 1
0 0 0 0 2 0 10 3

0 0 1 0 1 0 12 7
1 0 0 0 0 1 13 2
1 0 0 0 0 1 15 3
0 1 0 0 0 1 14 0
0 0 0 0 2 0 11 1

0 0 1 0 1 0 12 7
1 1 0 0 0 0 13 3
1 0 0 0 0 1 14 1
1 0 0 0 0 1 12 1
0 0 0 0 2 0 10 3

0 0 1 0 1 0 13 4
0 0 1 0 0 1 15 4
1 0 0 0 0 1 14 2
1 0 0 0 0 1 14 0
0 0 0 0 2 0 9 2

0 0 1 0 1 0 12 5
1 0 0 0 0 1 14 4
1 0 0 0 0 1 12 3
1 0 0 0 0 1 11 0
0 0 0 0 2 0 9 2

0 0 1 0 1 0 12 7
1 0 0 0 0 1 14 2
1 0 0 0 0 1 15 3
0 1 0 0 0 1 13 0
0 0 0 0 2 0 11 1

0 0 1 0 1 0 13 5
1 0 0 0 0 1 13 3
1 0 0 0 0 1 13 2
1 0 0 0 0 1 10 0
0 0 0 0 2 0 8 2

0 0 1 0 1 0 15 6
1 0 0 0 0 1 14 1
1 0 0 0 0 1 14 2
1 0 0 0 0 1 12 0
0 0 0 0 1 1 12 4

0 0 1 0 1 0 13 7
1 0 0 0 0 1 15 3
1 0 0 0 0 1 15 2
1 0 0 0 0 1 12 0
0 0 0 0 2 0 9 3

0 0 1 0 1 0 12 5
1 0 0 0 0 1 13 3
1 0 0 0 0 1 14 3
1 0 0 0 0 1 12 1
0 0 0 0 2 0 10 3

0 0 1 0 1 0 13 6
1 0 0 0 0 1 12 2
1 0 0 0 0 1 13 0
1 0 0 0 0 1 11 1
0 0 0 0 2 0 11 4

0 0 1 0 1 0 13 7
1 0 0 0 0 1 13 2
1 0 0 0 0 1 14 1
1 0 0 0 0 1 12 1
0 0 0 0 2 0 9 2

0 0 1 0 1 0 10 5
1 0 0 0 0 1 14 3
1 0 0 0 0 1 13 1
1 0 0 0 0 1 10 1
0 0 0 0 2 0 8 2

0 0 1 0 1 0 12 6
1 0 0 0 0 1 14 2
1 0 0 0 0 1 13 2
1 0 0 0 0 1 12 0
0 0 0 0 2 0 10 3

0 0 1 0 1 0 10 5
1 0 0 0 0 1 14 4
1 0 0 0 0 1 13 1
1 0 0 0 0 1 10 2
0 0 0 0 2 0 9 2

0 0 1 0 1 0 13 6
1 0 0 0 0 1 13 2
1 0 0 0 0 1 11 1
1 0 0 0 0 1 12 0
0 0 0 0 2 0 10 3

0 0 1 0 1 0 13 5
1 0 0 0 0 1 14 3
1 0 0 0 0 1 12 1
1 0 0 0 0 1 10 0
0 0 0 0 2 0 9 2

0 0 1 0 1 0 13 5
1 0 0 0 0 1 13 2
1 0 0 0 0 1 11 0
1 1 0 0 0 0 8 1
0 0 0 0 2 0 9 2

0 0 1 0 1 0 14 4
1 0 0 0 0 1 15 3
1 0 0 0 0 1 13 2
1 0 0 0 0 1 13 0
0 0 0 0 2 0 10 3

0 0 1 0 1 0 13 6
1 0 0 0 0 1 14 2
1 0 0 0 0 1 13 2
1 0 0 0 0 1 12 0
0 0 0 0 2 0 10 3

1 0 1 0 0 0 12 5
1 0 0 0 0 1 13 3
1 0 0 0 0 1 14 3
1 0 0 0 0 1 12 1
0 0 0 0 2 0 10 3

0 0 1 0 1 0 12 6
1 0 0 0 0 1 13 2
1 0 0 0 1 0 12 2
0 0 0 0 1 1 11 1
0 0 0 0 2 0 10 3

0 0 1 0 1 0 14 6
1 0 0 0 0 1 14 2
1 0 0 0 0 1 14 3
1 0 0 0 0 1 11 0
0 0 0 0 2 0 10 3

0 0 1 0 1 0 12 5
1 0 0 0 0 1 15 3
1 0 0 0 0 1 14 3
1 0 0 0 0 1 13 0
0 0 0 0 2 0 9 2

0 0 1 0 1 0 14 6
1 0 0 0 0 1 13 2
1 0 0 0 0 1 14 1
1 0 0 0 0 1 12 1
0 0 0 0 2 0 9 2

0 0 1 0 1 0 14 7
1 0 0 0 0 1 13 3
1 0 0 0 0 1 13 0
1 0 0 0 0 1 11 1
0 0 0 0 2 0 10 4

0 0 1 0 1 0 13 6
1 0 0 0 0 1 12 2
1 0 0 0 0 1 12 1
1 0 0 0 0 1 12 0
0 0 0 0 2 0 10 3

0 0 1 0 1 0 13 7
1 0 0 0 0 1 14 1
1 0 0 0 0 1 13 1
1 0 0 0 0 1 11 0
0 0 0 0 2 0 9 2

0 0 1 0 1 0 14 7
1 0 0 0 0 1 12 2
1 0 0 0 0 1 13 0
1 0 0 0 0 1 11 1
0 0 0 0 2 0 9 3

0 0 1 0 1 0 14 6
1 0 0 0 0 1 14 2
1 0 0 0 0 1 14 3
1 0 0 0 0 1 12 0
0 0 0 0 2 0 10 3

0 0 1 0 1 0 12 6
1 0 0 0 0 1 14 3
1 0 0 0 0 1 12 1
1 0 0 0 0 1 10 0
0 0 0 0 2 0 9 2

0 0 1 0 1 0 13 5
1 0 0 0 0 1 13 2
1 0 0 0 0 1 13 0
1 0 0 0 0 1 9 0
0 0 0 0 2 0 9 2

0 0 1 0 1 0 13 7
1 0 0 0 0 1 15 3
1 0 0 0 0 1 12 0
1 0 0 0 0 1 13 0
0 0 0 0 2 0 9 2

0 0 1 0 1 0 15 7
1 0 0 0 0 1 14 5
1 0 0 0 0 1 14 2
1 0 0 0 0 1 11 1
0 0 0 0 2 0 11 4

0 0 1 0 1 0 15 7
1 0 0 0 0 1 12 2
1 0 0 0 0 1 13 1
0 0 1 0 0 1 10 0
0 0 0 0 2 0 9 4

0 0 1 0 1 0 12 7
1 1 0 0 0 0 13 3
1 0 0 0 0 1 13 2
1 0 0 0 0 1 11 0
0 0 0 0 2 0 10 3

0 0 1 0 1 0 12 5
1 0 0 0 0 1 15 3
1 0 0 0 0 1 14 3
1 0 0 0 0 1 13 0
0 0 0 0 2 0 9 2

0 0 1 0 1 0 14 6
0 0 1 0 0 1 13 3
1 0 0 0 0 1 12 2
1 0 0 0 0 1 13 0
0 0 0 0 2 0 12 3

0 0 1 0 1 0 13 7
1 0 0 0 0 1 15 3
1 0 0 0 0 1 15 2
1 0 0 0 0 1 13 1
0 0 0 0 2 0 9 3

0 0 1 0 1 0 14 5
1 0 0 0 0 1 15 2
1 0 0 0 0 1 14 3
1 0 0 0 0 1 13 0
0 0 0 0 2 0 9 2

0 0 1 0 1 0 10 5
1 0 0 0 0 1 14 3
1 0 0 0 0 1 13 1
1 0 0 0 0 1 10 2
0 0 0 0 2 0 9 2

0 0 1 0 1 0 14 5
1 0 0 0 0 1 14 1
1 0 0 0 0 1 12 0
1 0 0 0 0 1 11 0
0 0 0 0 2 0 9 2

0 0 1 0 1 0 12 4
1 0 0 0 0 1 13 6
1 0 0 0 0 1 14 1
1 0 0 0 0 1 11 1
0 0 0 0 2 0 10 1

0 0 1 0 1 0 13 5
1 0 0 0 0 1 14 1
1 0 0 0 0 1 12 0
1 0 0 0 0 1 11 0
0 0 0 0 2 0 10 2

0 0 1 0 0 1 12 6
1 0 0 0 0 1 14 2
1 0 0 0 0 1 12 1
2 0 0 0 0 0 11 1
0 0 0 0 2 0 9 3

0 0 2 0 0 0 14 5
1 0 0 0 0 1 12 2
1 0 0 0 0 1 13 2
1 0 0 0 0 1 12 0
0 0 0 0 2 0 9 3

0 0 1 0 1 0 12 5
1 0 0 0 0 1 15 3
1 0 0 0 0 1 14 1
1 0 0 0 0 1 13 0
0 0 0 0 2 0 9 3

0 0 1 0 1 0 13 7
2 0 0 0 0 0 15 2
1 0 0 0 0 1 14 0
1 0 0 0 0 1 15 0
0 0 0 0 1 1 9 2

0 0 1 0 1 0 12 6
1 0 0 0 0 1 14 3
1 0 0 0 0 1 13 2
1 0 0 0 0 1 13 1
0 0 0 0 2 0 9 3

0 0 1 0 1 0 13 5
1 0 0 0 0 1 12 1
1 0 0 0 0 1 11 0
1 1 0 0 0 0 8 1
0 0 0 0 2 0 9 2

0 0 1 0 1 0 13 6
1 0 0 0 0 1 15 2
1 0 0 0 0 1 9 0
1 0 0 0 0 1 13 1
0 0 0 0 2 0 11 3

0 0 1 0 1 0 13 7
1 0 0 0 0 1 13 3
1 0 0 0 0 1 11 2
1 0 0 0 0 1 11 1
0 0 0 0 2 0 11 4

0 0 1 0 1 0 13 5
1 0 0 0 0 1 15 3
1 0 0 0 0 1 13 1
1 0 0 0 0 1 12 1
0 0 0 0 2 0 12 3

0 0 1 0 1 0 13 6
1 0 0 0 0 1 14 2
1 0 0 0 0 1 15 3
1 0 0 0 0 1 13 0
0 0 0 0 2 0 10 3

0 0 1 0 1 0 15 6
1 0 0 0 0 1 13 1
1 0 0 0 0 1 14 2
1 0 0 0 0 1 12 0
0 0 0 0 2 0 11 3

0 0 1 0 1 0 13 6
1 0 0 0 0 1 14 2
1 0 0 0 0 1 15 3
1 0 0 0 0 1 13 0
0 0 0 0 2 0 10 3

0 0 1 0 1 0 13 7
1 0 0 0 0 1 15 4
1 0 0 0 0 1 15 2
1 0 0 0 0 1 13 1
0 0 0 0 2 0 9 3

0 0 1 0 1 0 13 6
0 0 1 0 0 1 13 5
1 0 0 0 0 1 13 1
1 0 0 0 0 1 13 0
0 0 0 0 2 0 10 3

0 0 1 0 1 0 12 6
1 0 0 0 0 1 14 3
1 0 0 0 0 1 13 2
1 0 0 0 0 1 13 1
0 0 0 0 2 0 9 3

0 0 1 0 1 0 12 6
1 0 0 0 0 1 13 2
1 0 0 0 0 1 12 2
1 0 0 0 0 1 11 1
0 0 0 0 2 0 10 3

0 0 1 0 1 0 12 6
1 0 0 0 0 1 14 2
1 0 0 0 0 1 12 1
1 0 0 0 0 1 11 1
0 0 0 0 2 0 9 3

0 0 1 0 1 0 13 5
1 0 0 0 0 1 15 3
1 0 0 0 0 1 13 1
1 0 0 0 0 1 12 0
0 0 0 0 2 0 12 2

0 0 1 0 1 0 12 5
1 0 0 0 0 1 14 2
1 0 0 0 0 1 13 2
1 0 0 0 0 1 12 0
0 0 0 0 2 0 10 3

0 0 1 0 1 0 12 6
1 0 0 0 0 1 14 3
1 0 0 0 0 1 14 1
1 0 0 0 0 1 13 1
0 0 0 0 2 0 9 3

0 0 1 0 1 0 14 6
1 0 0 0 0 1 13 2
1 0 0 0 0 1 14 2
1 0 0 0 0 1 12 0
0 0 0 0 2 0 9 2

0 0 1 0 1 0 13 5
1 0 0 0 0 1 13 3
1 0 0 0 0 1 12 2
1 0 0 0 0 1 10 0
0 0 0 0 2 0 8 2

0 0 1 0 1 0 13 5
1 0 0 0 0 1 14 2
1 0 0 0 0 1 12 1
0 0 0 0 0 2 10 0
0 0 0 0 2 0 9 2

0 0 1 0 1 0 14 7
1 0 0 0 0 1 13 3
1 0 0 0 0 1 13 1
0 0 0 0 0 2 11 1
0 0 0 0 2 0 9 2

0 0 1 0 1 0 12 6
1 0 0 0 0 1 14 3
1 0 0 0 0 1 13 2
1 0 0 0 0 1 9 0
0 0 0 0 2 0 10 2

0 0 1 0 1 0 14 6
1 0 0 0 0 1 14 3
1 0 0 0 0 1 12 1
1 0 0 0 0 1 10 0
0 0 0 0 2 0 9 2

0 0 1 0 1 0 13 5
1 0 0 0 0 1 13 2
1 0 0 0 0 1 11 0
1 1 0 0 0 0 8 1
0 0 0 0 2 0 9 2

0 0 1 0 1 0 14 5
1 0 0 0 0 1 14 1
1 0 0 0 0 1 12 0
1 0 0 0 0 1 11 0
0 0 0 0 2 0 10 2

0 0 1 0 1 0 12 7
1 0 0 0 0 1 15 2
1 0 0 0 0 1 13 0
1 0 0 0 0 1 15 0
0 0 0 0 2 0 9 2

0 0 1 0 1 0 13 6
1 0 0 0 0 1 15 3
1 0 0 0 0 1 13 2
1 0 0 0 0 1 13 0
0 0 0 0 2 0 9 3

0 0 1 0 1 0 12 6
1 0 0 0 0 1 14 2
1 0 0 0 0 1 13 2
1 0 0 0 0 1 12 0
0 0 0 0 2 0 9 2

0 0 1 0 1 0 13 7
1 0 0 0 0 1 14 2
1 0 0 0 0 1 12 1
1 0 0 0 0 1 11 0
0 0 0 0 2 0 9 3

0 0 1 0 1 0 12 7
1 0 0 0 0 1 12 1
1 0 0 0 0 1 11 1
1 0 0 0 0 1 12 0
0 0 0 0 2 0 10 3

0 0 1 0 1 0 13 6
1 0 0 0 0 1 12 2
1 0 0 0 0 1 12 1
1 0 0 0 0 1 11 1
0 0 0 0 2 0 11 4

0 0 0 1 1 0 13 6
1 0 0 0 0 1 13 3
1 0 0 0 0 1 10 2
1 0 0 0 0 1 11 1
0 0 0 0 2 0 11 5

0 0 1 0 1 0 14 7
1 0 0 0 0 1 15 3
1 0 0 0 0 1 14 3
1 0 0 0 0 1 12 0
0 0 0 0 2 0 10 3

0 0 1 0 1 0 13 6
1 0 0 0 0 1 13 2
1 0 0 0 0 1 12 1
1 0 0 0 0 1 11 1
0 0 0 0 2 0 11 4

0 0 1 0 1 0 14 6
1 0 0 0 0 1 14 2
1 0 0 0 0 1 14 3
1 0 0 0 0 1 12 0
0 0 0 0 2 0 10 3

0 0 1 0 1 0 12 5
1 0 0 0 0 1 13 4
1 0 0 0 0 1 14 2
1 0 0 0 0 1 11 0
0 0 0 0 2 0 9 3

0 0 1 0 1 0 15 6
1 0 0 0 0 1 14 1
1 0 0 0 0 1 14 2
1 0 0 0 0 1 12 0
0 0 0 0 2 0 11 3

0 0 1 0 1 0 12 5
1 0 0 0 0 1 15 3
1 0 0 0 0 1 13 2
1 0 0 0 0 1 13 0
0 0 0 0 2 0 9 3

0 0 1 0 1 0 12 5
1 0 0 0 0 1 14 4
0 0 0 1 0 1 12 3
1 0 0 0 0 1 11 0
0 0 0 0 2 0 9 2

0 0 1 0 1 0 13 5
1 0 0 0 0 1 14 3
1 0 0 0 0 1 12 1
1 0 0 0 0 1 10 0
0 0 0 0 2 0 9 2

0 0 1 0 1 0 13 7
1 0 0 0 0 1 14 3
1 0 0 0 0 1 14 1
1 0 0 0 0 1 12 1
0 0 0 0 2 0 9 2

0 0 1 0 1 0 12 6
1 0 0 0 0 1 13 2
1 0 0 0 0 1 12 2
0 0 0 0 1 1 11 1
0 0 0 0 2 0 10 3

0 0 1 0 1 0 12 7
1 0 0 0 0 1 12 1
1 0 0 0 0 1 10 2
1 0 0 0 0 1 12 0
0 0 0 0 2 0 10 3

0 0 1 0 1 0 12 7
1 0 0 0 0 1 15 3
1 0 0 0 0 1 12 0
1 0 0 0 0 1 15 1
0 0 0 0 2 0 8 1

0 0 1 0 1 0 13 5
1 0 0 0 0 1 13 6
1 0 0 0 0 1 15 2
1 0 0 0 0 1 13 2
0 0 0 0 2 0 10 1

0 0 1 0 1 0 14 7
1 0 0 0 0 1 12 3
1 0 0 0 0 1 12 1
1 0 0 0 0 1 11 1
0 0 0 0 2 0 9 3

0 0 1 0 1 0 15 7
1 0 0 0 0 1 14 0
1 0 0 0 0 1 13 0
1 0 0 0 0 1 12 0
0 0 0 0 2 0 9 2

0 0 1 0 1 0 13 5
1 0 0 0 0 1 14 3
1 0 0 0 0 1 12 1
1 0 0 0 0 1 10 0
0 0 0 0 2 0 9 3

0 0 1 0 1 0 14 5
1 0 0 0 0 1 12 2
1 0 0 0 0 1 14 2
1 0 0 0 0 1 11 1
0 0 0 0 2 0 9 3

0 0 1 0 1 0 13 6
1 0 0 1 0 0 12 3
1 0 0 0 0 1 13 0
2 0 0 0 0 0 11 1
0 0 0 0 2 0 8 2

0 0 1 0 1 0 14 7
1 0 0 0 0 1 13 3
1 0 0 0 0 1 11 2
1 0 0 0 0 1 11 1
0 0 0 0 2 0 11 4

0 0 1 0 1 0 13 6
1 0 0 0 0 1 14 2
1 0 0 0 0 1 15 2
1 0 0 0 0 1 13 0
0 0 0 0 2 0 10 3

0 0 1 0 1 0 13 7
1 0 0 0 0 1 14 1
1 0 0 0 0 1 13 1
1 0 0 0 0 1 12 0
0 0 0 0 2 0 9 2

0 0 1 0 1 0 12 7
1 0 0 0 0 1 15 3
1 0 0 0 0 1 14 0
1 0 0 0 0 1 11 1
0 0 0 0 2 0 10 3

0 0 1 0 1 0 14 5
1 0 0 0 0 1 12 1
1 0 0 0 0 1 13 2
1 0 0 0 0 1 12 0
0 0 0 0 2 0 9 4

0 0 1 0 1 0 15 6
1 0 0 0 0 1 14 1
1 0 0 0 0 1 14 2
1 0 0 0 0 1 12 0
0 0 0 0 1 1 12 4

0 0 1 0 1 0 14 7
1 0 0 0 0 1 12 2
1 0 0 0 0 1 13 0
1 0 0 0 0 1 11 1
0 0 0 0 2 0 9 3

0 0 1 0 1 0 14 7
1 0 0 0 0 1 15 3
1 0 0 0 0 1 15 2
1 0 0 0 0 1 12 0
0 0 0 0 2 0 10 3

0 0 1 0 1 0 14 6
1 0 0 0 0 1 13 3
1 0 0 0 0 1 12 2
1 0 0 0 0 1 13 0
0 0 0 0 2 0 12 3

0 0 1 0 1 0 14 7
1 0 0 0 0 1 12 2
1 0 0 0 0 1 13 1
1 0 0 0 0 1 10 0
0 0 0 0 2 0 9 4

