1 1 0 0 0 0 9 3
1 1 0 0 0 0 10 4
1 1 0 0 0 0 7 1
0 2 0 0 0 0 9 5
0 0 0 0 2 0 14 0

1 1 0 0 0 0 8 2
0 1 1 0 0 0 10 2
1 0 1 0 0 0 7 0
0 2 0 0 0 0 9 4
0 0 0 0 2 0 13 1

1 1 0 0 0 0 9 3
1 1 0 0 0 0 10 4
1 0 1 0 0 0 7 1
0 2 0 0 0 0 9 5
0 0 0 0 2 0 14 1

1 1 0 0 0 0 8 2
0 1 1 0 0 0 9 2
1 0 1 0 0 0 7 1
0 2 0 0 0 0 8 4
0 0 0 0 2 0 13 2

1 1 0 0 0 0 7 3
0 1 1 0 0 0 10 3
0 0 1 0 1 0 6 0
0 2 0 0 0 0 8 4
0 0 0 0 2 0 13 2

1 1 0 0 0 0 8 2
0 1 1 0 0 0 10 3
1 0 1 0 0 0 6 1
0 2 0 0 0 0 9 4
0 0 0 0 2 0 13 1

1 1 0 0 0 0 9 3
0 1 1 0 0 0 10 4
1 0 1 0 0 0 7 1
0 2 0 0 0 0 9 5
0 0 0 0 2 0 13 0

1 1 0 0 0 0 7 2
0 1 1 0 0 0 10 3
1 0 1 0 0 0 8 0
0 2 0 0 0 0 9 4
0 0 0 0 2 0 13 1

1 1 0 0 0 0 8 2
0 1 1 0 0 0 10 3
0 0 1 0 1 0 7 0
0 2 0 0 0 0 8 4
0 0 0 0 2 0 13 2

1 1 0 0 0 0 7 2
0 1 1 0 0 0 10 3
1 0 1 0 0 0 6 1
0 2 0 0 0 0 9 4
0 0 0 0 2 0 13 1

1 1 0 0 0 0 8 2
0 1 1 0 0 0 11 4
0 0 1 0 1 0 7 0
0 2 0 0 0 0 8 4
0 0 0 0 2 0 13 2

1 1 0 0 0 0 9 2
0 1 1 0 0 0 11 3
0 0 1 0 1 0 7 0
0 2 0 0 0 0 9 5
0 0 0 0 2 0 13 2

1 1 0 0 0 0 8 2
0 1 1 0 0 0 9 3
1 0 1 0 0 0 7 0
0 2 0 0 0 0 9 4
0 0 0 1 1 0 12 0

1 1 0 0 0 0 8 2
0 1 1 0 0 0 10 3
1 0 1 0 0 0 7 1
0 2 0 0 0 0 9 4
0 0 0 0 2 0 13 2

1 1 0 0 0 0 8 2
0 1 1 0 0 0 10 3
1 0 1 0 0 0 7 0
0 2 0 0 0 0 9 4
0 0 0 1 1 0 12 0

1 1 0 0 0 0 8 2
0 1 0 1 0 0 10 2
1 0 1 0 0 0 7 1
0 2 0 0 0 0 9 4
0 0 0 0 2 0 14 1

1 1 0 0 0 0 7 3
0 1 1 0 0 0 10 3
1 0 1 0 0 0 6 1
0 2 0 0 0 0 9 4
0 0 0 0 2 0 13 1

1 1 0 0 0 0 8 2
0 1 1 0 0 0 10 3
1 0 1 0 0 0 7 0
0 2 0 0 0 0 9 4
0 0 0 0 2 0 13 1

1 1 0 0 0 0 8 2
0 1 1 0 0 0 10 3
1 0 1 0 0 0 6 0
0 2 0 0 0 0 9 4
0 0 0 0 2 0 13 1

1 1 0 0 0 0 8 2
0 1 1 0 0 0 10 3
1 0 1 0 0 0 7 0
0 2 0 0 0 0 9 4
0 0 0 0 2 0 13 1

1 1 0 0 0 0 8 2
0 1 1 0 0 0 10 3
1 0 1 0 0 0 6 0
0 2 0 0 0 0 9 4
0 0 0 0 2 0 12 1

1 1 0 0 0 0 9 3
1 1 0 0 0 0 10 4
1 0 1 0 0 0 7 1
0 2 0 0 0 0 9 5
0 0 0 0 2 0 13 0

1 1 0 0 0 0 8 2
0 1 1 0 0 0 10 3
1 0 1 0 0 0 6 1
0 2 0 0 0 0 9 4
0 0 0 0 2 0 13 1

1 1 0 0 0 0 9 2
0 1 1 0 0 0 11 3
0 0 1 0 1 0 7 0
0 2 0 0 0 0 8 4
0 0 0 0 2 0 13 2

1 1 0 0 0 0 7 2
0 1 1 0 0 0 10 3
1 0 1 0 0 0 6 1
0 2 0 0 0 0 9 4
0 0 0 0 2 0 13 1

1 1 0 0 0 0 8 2
0 1 1 0 0 0 10 3
1 0 1 0 0 0 7 0
0 2 0 0 0 0 9 4
0 0 0 0 2 0 13 1

1 1 0 0 0 0 8 2
0 1 1 0 0 0 10 3
1 0 1 0 0 0 6 0
0 2 0 0 0 0 9 4
0 0 0 0 2 0 13 2

1 1 0 0 0 0 8 2
0 1 1 0 0 0 10 3
1 0 1 0 0 0 7 1
0 2 0 0 0 0 9 4
0 0 0 0 2 0 13 2

1 1 0 0 0 0 8 2
0 1 1 0 0 0 9 2
1 0 1 0 0 0 7 0
0 2 0 0 0 0 9 4
0 0 0 0 2 0 12 1

1 1 0 0 0 0 8 2
0 1 1 0 0 0 10 3
1 0 1 0 0 0 7 1
0 2 0 0 0 0 9 4
0 0 0 0 2 0 13 2

1 1 0 0 0 0 8 2
1 1 0 0 0 0 10 3
1 0 1 0 0 0 7 1
0 2 0 0 0 0 9 4
0 0 0 0 2 0 14 1

1 1 0 0 0 0 8 2
0 1 1 0 0 0 10 3
0 0 1 0 1 0 7 0
0 2 0 0 0 0 8 4
0 0 0 0 2 0 13 2

1 1 0 0 0 0 9 2
0 1 1 0 0 0 11 3
0 0 1 0 1 0 7 0
0 2 0 0 0 0 8 4
0 0 0 0 2 0 13 2

1 1 0 0 0 0 8 2
0 1 1 0 0 0 10 3
1 0 1 0 0 0 6 1
0 2 0 0 0 0 9 4
0 0 0 0 2 0 13 1

1 1 0 0 0 0 8 2
0 1 1 0 0 0 9 2
1 0 1 0 0 0 7 1
0 2 0 0 0 0 8 4
0 0 0 0 2 0 13 2

1 1 0 0 0 0 8 2
0 1 1 0 0 0 10 3
1 0 1 0 0 0 6 0
0 2 0 0 0 0 9 4
0 0 0 0 2 0 13 1

1 1 0 0 0 0 8 2
0 1 1 0 0 0 11 3
1 0 1 0 0 0 8 1
0 2 0 0 0 0 9 4
0 0 0 0 2 0 13 2

1 1 0 0 0 0 8 2
0 1 1 0 0 0 10 3
1 0 1 0 0 0 6 0
0 2 0 0 0 0 9 3
0 0 0 0 2 0 13 1

0 2 0 0 0 0 8 2
0 1 1 0 0 0 10 3
1 0 1 0 0 0 10 1
1 1 0 0 0 0 9 4
0 0 0 0 2 0 14 1

1 1 0 0 0 0 8 2
0 1 1 0 0 0 11 3
1 0 1 0 0 0 8 1
0 2 0 0 0 0 9 4
0 0 0 0 2 0 13 2

1 1 0 0 0 0 8 2
0 1 1 0 0 0 10 3
1 0 1 0 0 0 7 1
0 2 0 0 0 0 9 4
0 0 0 0 2 0 13 1

1 1 0 0 0 0 8 2
0 1 1 0 0 0 10 3
1 0 1 0 0 0 7 0
0 2 0 0 0 0 9 4
0 0 0 1 1 0 12 0

1 1 0 0 0 0 8 2
0 1 1 0 0 0 10 3
0 0 1 0 1 0 7 0
0 2 0 0 0 0 8 4
0 0 0 0 2 0 13 2

1 1 0 0 0 0 8 2
0 1 1 0 0 0 10 3
1 0 1 0 0 0 7 0
0 2 0 0 0 0 9 4
0 0 0 1 1 0 12 0

1 1 0 0 0 0 7 3
0 1 1 0 0 0 10 3
0 0 1 0 1 0 6 0
0 2 0 0 0 0 8 4
0 0 0 0 2 0 13 2

1 1 0 0 0 0 8 2
0 1 1 0 0 0 10 3
1 0 1 0 0 0 7 0
0 2 0 0 0 0 9 4
0 0 0 1 1 0 12 0

1 1 0 0 0 0 8 2
0 1 1 0 0 0 10 3
1 0 1 0 0 0 7 0
0 2 0 0 0 0 9 4
0 0 0 0 2 0 11 1

1 1 0 0 0 0 8 2
0 1 1 0 0 0 10 3
1 0 1 0 0 0 7 1
0 2 0 0 0 0 9 4
0 0 0 0 2 0 13 1

1 1 0 0 0 0 9 3
1 1 0 0 0 0 10 4
1 0 1 0 0 0 7 1
0 2 0 0 0 0 9 5
0 0 0 0 2 0 13 0

1 1 0 0 0 0 8 2
0 1 1 0 0 0 10 3
1 0 1 0 0 0 8 0
0 2 0 0 0 0 9 4
0 0 0 0 2 0 13 1

1 1 0 0 0 0 8 2
0 1 0 1 0 0 10 2
1 0 1 0 0 0 8 1
0 2 0 0 0 0 9 4
0 0 0 0 2 0 13 1

1 1 0 0 0 0 9 3
0 1 1 0 0 0 10 4
1 0 1 0 0 0 7 1
0 2 0 0 0 0 8 4
0 0 0 1 1 0 13 0

1 1 0 0 0 0 8 2
0 1 1 0 0 0 10 3
1 0 1 0 0 0 7 0
0 2 0 0 0 0 9 4
0 0 0 0 2 0 13 1

1 1 0 0 0 0 9 3
0 1 1 0 0 0 10 4
1 0 1 0 0 0 7 1
0 2 0 0 0 0 9 5
0 0 0 0 2 0 12 0

1 1 0 0 0 0 8 2
0 1 1 0 0 0 10 3
1 0 1 0 0 0 7 0
0 2 0 0 0 0 9 4
0 0 0 1 1 0 12 0

1 1 0 0 0 0 9 3
1 1 0 0 0 0 10 4
1 0 1 0 0 0 7 1
0 2 0 0 0 0 9 5
0 0 0 0 2 0 13 0

1 1 0 0 0 0 9 2
0 1 1 0 0 0 11 3
0 0 1 0 1 0 7 0
0 2 0 0 0 0 8 4
0 0 0 0 2 0 13 2

1 1 0 0 0 0 8 2
0 1 1 0 0 0 10 3
1 0 1 0 0 0 6 0
0 2 0 0 0 0 9 3
0 0 0 0 2 0 13 1

1 1 0 0 0 0 9 2
0 1 1 0 0 0 11 3
0 0 1 0 1 0 7 0
0 2 0 0 0 0 8 4
0 0 0 0 2 0 13 2

1 1 0 0 0 0 7 3
0 1 1 0 0 0 10 3
1 0 1 0 0 0 6 1
0 2 0 0 0 0 9 4
0 0 0 0 2 0 13 1

1 1 0 0 0 0 9 3
1 1 0 0 0 0 10 4
1 0 1 0 0 0 7 1
0 2 0 0 0 0 9 5
0 0 0 0 2 0 13 0

1 1 0 0 0 0 8 2
0 1 0 1 0 0 10 2
1 0 1 0 0 0 7 1
0 2 0 0 0 0 9 4
0 0 0 0 2 0 14 1

1 1 0 0 0 0 8 3
0 1 1 0 0 0 10 3
1 0 1 0 0 0 7 0
0 2 0 0 0 0 9 4
0 0 0 0 2 0 14 1

1 1 0 0 0 0 8 2
0 1 1 0 0 0 10 3
1 0 1 0 0 0 8 1
0 2 0 0 0 0 9 4
0 0 0 0 2 0 13 2

1 1 0 0 0 0 9 3
1 1 0 0 0 0 10 4
1 0 1 0 0 0 7 1
0 2 0 0 0 0 9 5
0 0 0 0 2 0 13 0

1 1 0 0 0 0 9 3
0 1 1 0 0 0 10 4
1 0 1 0 0 0 7 1
0 2 0 0 0 0 9 5
0 0 0 0 2 0 12 0

1 1 0 0 0 0 9 3
1 1 0 0 0 0 10 4
1 1 0 0 0 0 7 1
0 2 0 0 0 0 9 5
0 0 0 0 2 0 14 0

1 1 0 0 0 0 8 2
0 1 1 0 0 0 10 3
1 0 1 0 0 0 7 0
0 2 0 0 0 0 9 4
0 0 0 0 2 0 12 0

0 2 0 0 0 0 8 2
0 1 1 0 0 0 10 3
1 0 1 0 0 0 10 1
0 2 0 0 0 0 9 4
0 0 0 0 2 0 14 1

1 1 0 0 0 0 9 2
0 1 1 0 0 0 11 3
0 0 1 0 1 0 7 0
0 2 0 0 0 0 8 4
0 0 0 0 2 0 13 2

1 1 0 0 0 0 8 2
0 1 1 0 0 0 10 3
1 0 1 0 0 0 6 0
0 2 0 0 0 0 9 4
0 0 0 0 2 0 13 1

1 1 0 0 0 0 8 2
0 1 0 1 0 0 11 3
1 0 1 0 0 0 7 1
0 2 0 0 0 0 9 4
0 0 0 0 2 0 14 1

1 1 0 0 0 0 9 3
0 1 1 0 0 0 10 4
1 0 1 0 0 0 7 1
0 2 0 0 0 0 9 5
0 0 0 0 2 0 12 0

1 1 0 0 0 0 9 1
0 1 1 0 0 0 10 3
1 0 1 0 0 0 7 0
0 2 0 0 0 0 9 4
0 0 0 0 2 0 13 1

1 1 0 0 0 0 8 2
0 1 1 0 0 0 10 3
1 0 1 0 0 0 6 0
0 2 0 0 0 0 9 3
0 0 0 0 2 0 13 1

1 1 0 0 0 0 9 3
1 1 0 0 0 0 10 4
1 0 1 0 0 0 7 1
0 2 0 0 0 0 9 5
0 0 0 0 2 0 13 0

1 1 0 0 0 0 9 3
0 1 1 0 0 0 10 4
1 0 1 0 0 0 7 1
0 2 0 0 0 0 9 4
0 0 0 0 2 0 12 0

1 1 0 0 0 0 8 2
0 1 1 0 0 0 10 3
1 0 1 0 0 0 6 0
0 2 0 0 0 0 9 4
0 0 0 0 2 0 13 1

1 1 0 0 0 0 9 3
0 1 1 0 0 0 10 4
1 0 1 0 0 0 7 1
0 2 0 0 0 0 9 5
0 0 0 0 2 0 12 0

1 1 0 0 0 0 9 3
0 1 1 0 0 0 10 4
1 0 1 0 0 0 7 1
0 2 0 0 0 0 9 4
0 0 0 0 2 0 12 0

1 1 0 0 0 0 9 3
1 1 0 0 0 0 10 4
1 0 1 0 0 0 7 1
0 2 0 0 0 0 9 5
0 0 0 0 2 0 13 0

1 1 0 0 0 0 9 3
0 1 1 0 0 0 10 4
1 0 1 0 0 0 7 1
0 2 0 0 0 0 9 5
0 0 0 0 2 0 14 1

1 1 0 0 0 0 7 2
0 1 1 0 0 0 10 3
1 0 1 0 0 0 6 1
0 2 0 0 0 0 9 4
0 0 0 0 2 0 13 0

1 1 0 0 0 0 8 2
0 1 1 0 0 0 10 3
1 0 1 0 0 0 7 0
0 2 0 0 0 0 9 4
0 0 0 0 2 0 13 1

1 1 0 0 0 0 8 2
0 1 1 0 0 0 10 3
0 0 1 0 1 0 6 0
0 2 0 0 0 0 8 4
0 0 0 0 2 0 13 2

1 1 0 0 0 0 8 2
0 1 1 0 0 0 10 3
1 0 1 0 0 0 7 0
0 2 0 0 0 0 9 4
0 0 0 0 2 0 13 1

1 1 0 0 0 0 8 2
0 1 1 0 0 0 10 3
1 0 1 0 0 0 6 1
0 2 0 0 0 0 9 4
0 0 0 0 2 0 13 1

1 1 0 0 0 0 9 3
1 1 0 0 0 0 10 4
1 0 1 0 0 0 7 1
0 2 0 0 0 0 9 5
0 0 0 0 2 0 13 0

1 1 0 0 0 0 8 2
0 1 1 0 0 0 10 3
0 0 0 0 1 1 7 0
0 2 0 0 0 0 8 4
0 0 0 0 2 0 13 2

1 1 0 0 0 0 9 1
0 1 1 0 0 0 10 3
0 0 1 0 1 0 7 0
0 2 0 0 0 0 9 3
0 0 0 0 2 0 13 2

1 1 0 0 0 0 9 3
1 1 0 0 0 0 10 4
1 0 1 0 0 0 7 1
0 2 0 0 0 0 9 5
0 0 0 0 2 0 13 0

1 1 0 0 0 0 8 2
0 1 1 0 0 0 11 4
0 0 1 0 1 0 7 0
0 2 0 0 0 0 8 4
0 0 0 0 2 0 13 2

1 1 0 0 0 0 7 2
0 1 1 0 0 0 10 3
1 0 1 0 0 0 6 1
0 2 0 0 0 0 9 4
0 0 0 0 2 0 14 0

1 1 0 0 0 0 8 2
0 1 1 0 0 0 10 3
1 0 1 0 0 0 6 0
0 2 0 0 0 0 9 4
0 0 0 0 2 0 13 1

1 1 0 0 0 0 8 2
0 1 1 0 0 0 10 3
1 0 1 0 0 0 7 0
0 2 0 0 0 0 9 4
0 0 0 0 2 0 13 1

1 1 0 0 0 0 9 2
0 1 1 0 0 0 11 3
0 0 1 0 1 0 7 0
0 2 0 0 0 0 8 4
0 0 0 0 2 0 13 2

1 1 0 0 0 0 8 2
0 1 0 1 0 0 10 2
1 0 1 0 0 0 7 1
0 2 0 0 0 0 9 4
0 0 0 0 2 0 14 1

1 1 0 0 0 0 9 3
0 1 1 0 0 0 10 4
1 0 1 0 0 0 7 1
0 2 0 0 0 0 8 4
0 0 0 1 1 0 13 0

1 1 0 0 0 0 9 3
1 1 0 0 0 0 10 4
1 0 1 0 0 0 7 1
0 2 0 0 0 0 9 5
0 0 0 0 2 0 12 0

1 1 0 0 0 0 8 2
0 1 1 0 0 0 10 3
1 0 1 0 0 0 6 1
0 2 0 0 0 0 9 4
0 0 0 0 2 0 13 1

