0 0 0 1 1 0 7 3
0 0 0 2 0 0 3 5
2 0 0 0 0 0 5 4
0 1 0 0 0 1 10 4
1 1 0 0 0 0 14 0

0 0 1 1 0 0 11 3
0 0 0 0 1 1 1 4
0 0 0 1 0 1 9 6
0 0 0 1 0 1 0 1
2 0 0 0 0 0 4 4

0 1 0 0 0 1 1 7
0 0 2 0 0 0 1 5
1 0 0 0 0 1 5 1
0 2 0 0 0 0 3 6
0 0 0 2 0 0 3 7

2 0 0 0 0 0 9 4
0 0 0 0 1 1 6 0
0 0 1 0 1 0 12 5
0 1 0 0 1 0 6 5
1 0 1 0 0 0 14 6

0 2 0 0 0 0 8 5
0 1 0 0 1 0 3 3
0 0 0 1 1 0 6 7
1 0 0 1 0 0 7 2
0 0 0 1 0 1 11 3

0 0 0 0 1 1 8 7
0 0 1 0 1 0 2 4
0 0 0 0 2 0 6 3
0 0 1 0 0 1 8 6
0 1 0 0 1 0 10 0

0 2 0 0 0 0 2 3
0 0 1 0 1 0 6 2
0 0 1 0 1 0 8 5
0 2 0 0 0 0 7 5
0 0 0 0 0 2 3 0

0 1 1 0 0 0 10 2
0 0 0 1 1 0 1 7
1 0 0 0 1 0 0 6
2 0 0 0 0 0 4 4
0 0 0 1 0 1 13 4

1 0 0 0 1 0 11 3
0 0 0 0 0 2 3 3
0 1 0 1 0 0 10 5
0 0 0 0 1 1 4 0
0 0 0 1 0 1 3 7

1 1 0 0 0 0 5 0
0 0 1 0 1 0 14 7
0 0 1 1 0 0 5 5
0 0 0 0 2 0 10 4
1 0 1 0 0 0 1 7

