0 1 1 0 0 0 10 5
0 0 1 0 1 0 6 4
0 0 2 0 0 0 10 4
1 0 0 0 0 1 13 3
1 1 0 0 0 0 7 5

0 0 2 0 0 0 11 6
0 0 0 0 0 2 9 2
0 0 1 0 0 1 11 3
0 0 2 0 0 0 9 5
0 0 1 0 1 0 7 4

0 0 0 0 2 0 14 7
1 0 0 1 0 0 8 7
0 0 2 0 0 0 11 4
0 0 0 0 2 0 10 2
1 0 0 0 0 1 14 3

0 1 1 0 0 0 10 5
0 0 0 0 0 2 2 7
2 0 0 0 0 0 4 4
0 0 0 0 2 0 5 4
2 0 0 0 0 0 5 6

0 0 1 0 1 0 2 6
0 1 1 0 0 0 10 5
1 0 0 1 0 0 2 7
2 0 0 0 0 0 3 4
2 0 0 0 0 0 2 4

0 0 1 0 1 0 7 4
1 0 1 0 0 0 7 2
0 2 0 0 0 0 8 5
0 0 2 0 0 0 9 3
0 0 2 0 0 0 9 4

0 0 0 0 2 0 14 6
0 0 1 0 1 0 7 4
0 0 2 0 0 0 10 6
0 0 2 0 0 0 9 4
0 0 1 0 1 0 10 4

0 0 0 2 0 0 9 6
0 0 0 0 0 2 2 7
2 0 0 0 0 0 4 3
2 0 0 0 0 0 4 4
1 0 0 1 0 0 3 6

1 0 0 1 0 0 12 6
0 0 2 0 0 0 10 3
0 0 2 0 0 0 10 5
0 0 0 0 0 2 12 3
0 0 0 2 0 0 8 7

0 0 0 0 2 0 4 4
0 0 1 0 1 0 2 6
0 0 0 2 0 0 2 7
2 0 0 0 0 0 3 3
2 0 0 0 0 0 3 5

0 0 0 0 0 2 11 1
0 0 2 0 0 0 10 5
1 0 0 0 0 1 12 3
0 1 1 0 0 0 10 6
2 0 0 0 0 0 14 3

1 0 0 1 0 0 2 1
0 0 1 0 1 0 11 3
0 0 0 0 0 2 13 1
0 0 0 2 0 0 2 7
0 0 0 0 0 2 12 0

0 0 0 0 2 0 13 7
0 0 2 0 0 0 9 4
0 1 1 0 0 0 8 5
0 0 0 0 0 2 11 2
0 0 0 0 0 2 9 1

2 0 0 0 0 0 5 3
1 0 0 1 0 0 12 6
2 0 0 0 0 0 4 6
2 0 0 0 0 0 5 4
0 0 0 0 0 2 3 7

1 0 0 0 0 1 11 3
0 0 0 0 2 0 14 7
0 0 2 0 0 0 10 3
0 0 2 0 0 0 10 5
0 0 1 0 1 0 9 0

0 0 1 0 1 0 13 5
2 0 0 0 0 0 12 6
0 1 1 0 0 0 9 6
0 0 1 0 1 0 10 3
2 0 0 0 0 0 2 7

0 0 1 0 1 0 11 4
0 0 0 0 0 2 12 1
0 0 0 2 0 0 2 7
1 0 0 0 0 1 13 3
0 0 0 0 0 2 11 1

2 0 0 0 0 0 4 4
2 0 0 0 0 0 3 4
0 0 0 2 0 0 2 7
0 0 1 0 1 0 2 6
0 0 0 2 0 0 8 6

0 2 0 0 0 0 10 3
1 0 0 1 0 0 8 6
2 0 0 0 0 0 5 3
0 0 0 0 2 0 4 1
0 0 2 0 0 0 7 4

2 0 0 0 0 0 3 4
2 0 0 0 0 0 5 6
2 0 0 0 0 0 2 7
0 0 0 0 2 0 5 4
2 0 0 0 0 0 4 4

